[[230, 97], [230, 59], [247, 59], [255, 59], [255, 125], [247, 125], [247, 97], [230, 97]]
[[43, 0], [44, 10], [0, 13], [0, 0], [43, 0]]
[[255, 37], [230, 37], [230, 9], [228, 9], [228, 0], [255, 0], [255, 37]]
[[255, 186], [247, 186], [247, 194], [245, 194], [241, 194], [241, 194], [228, 194], [228, 160], [241, 160], [241, 151], [245, 151], [245, 134], [255, 134], [255, 186]]
[[0, 237], [41, 234], [42, 255], [0, 255], [0, 237]]
[[147, 193], [113, 193], [113, 200], [112, 200], [98, 200], [98, 160], [112, 160], [112, 133], [147, 133], [147, 193]]
[[91, 55], [91, 0], [140, 0], [140, 20], [152, 20], [152, 55], [140, 55], [140, 55], [91, 55]]
[[234, 253], [234, 215], [249, 215], [249, 215], [255, 215], [255, 255], [249, 255], [249, 253], [234, 253]]
[[151, 102], [137, 102], [137, 125], [110, 125], [110, 76], [137, 76], [137, 66], [150, 66], [150, 76], [151, 76], [151, 102]]
[[109, 255], [109, 214], [143, 214], [150, 214], [150, 249], [143, 249], [143, 255], [109, 255]]
[[0, 43], [43, 39], [46, 102], [0, 106], [0, 43]]
[[0, 139], [44, 137], [46, 201], [0, 203], [0, 139]]
