[[371, 656], [435, 616], [523, 746], [458, 788]]
[[205, 796], [263, 759], [354, 879], [296, 919]]
[[444, 436], [456, 425], [432, 389], [483, 352], [534, 435], [473, 482]]
[[367, 343], [313, 380], [276, 319], [326, 283]]
[[591, 998], [516, 1000], [458, 920], [516, 887]]
[[651, 530], [698, 484], [647, 431], [602, 472]]
[[103, 675], [126, 705], [60, 743], [12, 683], [85, 628], [114, 663]]
[[18, 478], [65, 562], [131, 519], [87, 439]]
[[2, 219], [59, 172], [81, 206], [74, 217], [109, 275], [60, 308]]
[[413, 225], [451, 197], [491, 253], [452, 279]]
[[362, 166], [308, 205], [269, 152], [324, 113]]
[[79, 854], [98, 886], [131, 867], [104, 820], [87, 832], [69, 811], [44, 825], [63, 861]]
[[560, 380], [595, 361], [619, 399], [584, 421]]
[[222, 998], [248, 997], [243, 946], [233, 932], [185, 963], [194, 980]]
[[749, 579], [750, 679], [707, 607]]
