[[3, 95], [96, 103], [77, 278], [159, 287], [176, 112], [318, 124], [289, 350], [1, 320]]
[[2, 422], [215, 439], [194, 621], [2, 593]]
[[355, 197], [390, 199], [380, 262], [351, 257]]
[[335, 307], [469, 322], [470, 308], [524, 307], [517, 362], [494, 411], [457, 448], [410, 475], [336, 494], [308, 500], [315, 439], [325, 440], [337, 355], [330, 355]]
[[679, 625], [749, 634], [750, 713], [663, 699]]
[[7, 657], [143, 673], [140, 716], [0, 698]]
[[179, 140], [309, 153], [292, 300], [160, 288]]
[[6, 121], [90, 128], [74, 278], [4, 272]]
[[336, 310], [452, 321], [448, 365], [331, 351]]
[[341, 358], [449, 369], [453, 323], [468, 326], [473, 311], [523, 309], [517, 362], [496, 412], [459, 450], [411, 477], [373, 490], [333, 490], [334, 438], [327, 435]]
[[138, 437], [127, 495], [122, 555], [121, 609], [191, 618], [193, 558], [200, 501], [210, 447]]
[[31, 424], [16, 479], [11, 541], [13, 594], [82, 606], [81, 551], [87, 491], [103, 435]]
