[[468, 415], [560, 431], [528, 579], [438, 562]]
[[420, 950], [494, 995], [589, 855], [515, 808]]
[[366, 63], [377, 1], [215, 1], [209, 35]]
[[121, 277], [107, 361], [26, 341], [45, 255]]
[[727, 103], [747, 8], [720, 2], [657, 3], [636, 83]]
[[746, 937], [697, 910], [745, 848]]
[[264, 417], [189, 387], [173, 433], [245, 457]]
[[193, 488], [182, 513], [175, 536], [218, 556], [239, 506]]
[[143, 658], [126, 695], [164, 716], [180, 674]]
[[713, 557], [747, 568], [747, 652], [721, 683], [689, 668], [701, 631], [690, 610]]
[[393, 685], [383, 730], [332, 710], [348, 665]]
[[253, 466], [252, 484], [297, 501], [312, 460], [264, 446]]
