[[113, 4], [217, 8], [219, 29], [213, 57], [111, 53]]
[[191, 7], [217, 8], [218, 28], [214, 53], [189, 52], [191, 29]]
[[153, 6], [178, 7], [179, 29], [175, 52], [150, 50]]
[[111, 50], [113, 4], [138, 5], [137, 50]]
[[30, 74], [70, 75], [69, 86], [30, 85]]
[[28, 85], [23, 85], [23, 88], [6, 90], [7, 78], [12, 65], [27, 51], [41, 43], [62, 39], [66, 39], [67, 52], [69, 52], [68, 73], [28, 73]]
[[22, 85], [22, 89], [6, 90], [8, 78], [12, 66], [27, 52], [43, 42], [66, 39], [66, 51], [69, 52], [68, 72], [69, 76], [69, 86]]
[[85, 88], [82, 133], [130, 136], [133, 90]]
[[165, 91], [160, 137], [211, 139], [212, 132], [209, 132], [210, 93]]
[[84, 76], [217, 81], [217, 92], [210, 93], [210, 139], [159, 137], [163, 90], [133, 89], [131, 136], [81, 135]]
