[[182, 57], [228, 70], [230, 66], [247, 68], [236, 87], [217, 101], [196, 106], [177, 106], [158, 104], [166, 91], [168, 91], [179, 69], [175, 68]]
[[31, 60], [131, 85], [112, 131], [10, 104]]
[[61, 0], [50, 24], [44, 23], [40, 33], [165, 64], [191, 9], [153, 0], [141, 1], [122, 41], [93, 34], [110, 0]]
[[81, 141], [76, 152], [4, 133], [10, 122]]
[[204, 33], [194, 30], [187, 46], [198, 48]]
[[142, 3], [187, 15], [168, 54], [123, 42]]
[[62, 1], [52, 24], [94, 35], [110, 1]]
[[104, 79], [129, 86], [109, 129], [84, 122]]
[[67, 69], [91, 76], [80, 98], [72, 120], [47, 113], [55, 89]]
[[54, 66], [30, 61], [18, 81], [10, 103], [35, 109], [41, 86]]
[[182, 59], [221, 67], [216, 78], [176, 68]]
[[179, 71], [214, 80], [221, 69], [226, 71], [230, 66], [246, 68], [237, 86], [217, 99], [197, 106], [175, 106], [168, 105], [170, 90]]
