[[175, 198], [127, 220], [114, 205], [162, 183]]
[[169, 255], [181, 256], [219, 240], [208, 225], [162, 245]]
[[211, 186], [222, 201], [254, 184], [254, 165]]
[[68, 161], [55, 150], [74, 137], [88, 148]]
[[29, 190], [39, 202], [53, 198], [54, 200], [70, 193], [56, 177]]
[[7, 225], [11, 233], [16, 237], [35, 229], [30, 224], [26, 216]]
[[246, 22], [256, 36], [254, 39], [235, 47], [225, 31]]
[[226, 48], [211, 56], [203, 45], [218, 37]]
[[143, 105], [155, 120], [135, 130], [137, 133], [117, 142], [115, 139], [111, 141], [99, 126]]
[[33, 161], [39, 168], [52, 163], [46, 155]]
