[[127, 168], [148, 158], [179, 191], [156, 202]]
[[70, 204], [90, 194], [121, 225], [101, 235]]
[[152, 112], [156, 109], [147, 100], [165, 90], [182, 111], [161, 123]]
[[125, 88], [107, 97], [94, 82], [111, 72]]
[[202, 255], [176, 256], [156, 236], [176, 227]]
[[222, 136], [238, 124], [221, 110], [205, 121]]
[[35, 173], [43, 180], [20, 190], [4, 175], [29, 161], [39, 170]]
[[6, 122], [22, 144], [45, 133], [30, 112]]
[[1, 56], [20, 44], [28, 53], [25, 56], [37, 70], [20, 79]]
[[141, 58], [154, 50], [168, 65], [154, 71]]
[[124, 42], [105, 52], [92, 39], [111, 29]]
[[27, 219], [33, 227], [45, 222], [35, 210], [30, 213], [24, 208], [15, 211], [22, 220]]
[[191, 97], [203, 92], [211, 102], [199, 108]]
[[76, 255], [85, 255], [83, 242], [80, 239], [63, 247], [66, 251]]
[[256, 148], [256, 174], [241, 155]]
