[[1, 24], [33, 26], [26, 71], [54, 73], [60, 29], [109, 32], [99, 90], [0, 82]]
[[1, 108], [73, 112], [66, 159], [1, 152]]
[[121, 50], [133, 51], [130, 67], [120, 66]]
[[114, 79], [160, 82], [160, 79], [179, 79], [176, 93], [169, 105], [156, 115], [140, 122], [115, 126], [105, 128], [108, 112], [111, 113], [115, 91], [113, 91]]
[[232, 160], [256, 162], [256, 183], [226, 179]]
[[2, 168], [49, 172], [48, 183], [0, 179]]
[[61, 36], [105, 39], [100, 77], [55, 74]]
[[2, 31], [31, 33], [25, 71], [1, 70]]
[[115, 79], [154, 82], [153, 93], [113, 90]]
[[116, 92], [153, 94], [155, 83], [160, 83], [161, 80], [179, 79], [176, 93], [169, 105], [157, 115], [140, 122], [127, 125], [114, 125], [114, 112], [112, 111]]
[[47, 112], [43, 127], [42, 142], [41, 156], [65, 158], [66, 143], [68, 128], [72, 114]]
[[11, 109], [5, 123], [4, 138], [4, 152], [28, 155], [28, 141], [30, 126], [35, 111]]
