[[160, 106], [191, 110], [180, 148], [150, 144]]
[[143, 243], [169, 255], [201, 219], [176, 207]]
[[125, 16], [129, 0], [73, 0], [71, 9]]
[[41, 71], [37, 92], [9, 87], [15, 65]]
[[248, 26], [255, 2], [246, 1], [224, 1], [217, 21]]
[[255, 240], [238, 233], [254, 217]]
[[90, 107], [65, 99], [59, 111], [84, 117]]
[[66, 125], [62, 131], [60, 137], [74, 142], [82, 130]]
[[49, 168], [43, 178], [56, 183], [61, 173]]
[[243, 143], [255, 145], [255, 167], [246, 175], [235, 171], [239, 162], [236, 156]]
[[134, 175], [131, 187], [113, 182], [119, 170]]
[[86, 119], [86, 124], [101, 128], [106, 118], [90, 114]]
