[[331, 14], [636, 32], [641, 113], [624, 222], [325, 206]]
[[561, 28], [637, 33], [639, 111], [628, 208], [553, 204], [560, 113]]
[[447, 25], [522, 29], [523, 113], [514, 204], [440, 195]]
[[326, 194], [331, 17], [405, 19], [401, 196]]
[[89, 290], [205, 293], [201, 335], [88, 332]]
[[83, 331], [67, 331], [66, 344], [18, 351], [21, 304], [36, 252], [78, 201], [121, 168], [181, 154], [193, 153], [196, 203], [202, 203], [200, 287], [83, 286]]
[[63, 332], [64, 348], [19, 351], [23, 303], [36, 256], [78, 203], [126, 166], [193, 152], [192, 200], [201, 204], [199, 282], [202, 295], [202, 336]]
[[249, 344], [240, 520], [382, 533], [389, 350]]
[[482, 355], [468, 535], [617, 544], [621, 517], [611, 515], [616, 364]]
[[246, 297], [636, 315], [635, 360], [616, 362], [616, 544], [466, 536], [478, 351], [390, 348], [383, 532], [236, 527]]
