[[533, 223], [668, 272], [675, 256], [723, 266], [692, 339], [637, 393], [575, 413], [518, 415], [464, 405], [486, 355], [493, 357], [524, 269], [513, 266]]
[[90, 236], [383, 333], [327, 511], [30, 405]]
[[180, 0], [146, 94], [128, 88], [117, 130], [482, 251], [560, 34], [449, 1], [413, 2], [356, 161], [273, 133], [323, 1]]
[[237, 551], [223, 595], [11, 519], [29, 478]]
[[597, 129], [569, 119], [548, 179], [579, 189]]
[[417, 13], [548, 59], [492, 209], [359, 166]]
[[183, 2], [151, 95], [275, 135], [321, 3]]
[[305, 307], [378, 334], [320, 503], [247, 477]]
[[195, 271], [266, 295], [234, 381], [210, 468], [138, 440], [161, 347]]
[[157, 259], [89, 238], [53, 318], [30, 403], [102, 427], [121, 337]]
[[534, 230], [646, 263], [634, 304], [517, 264]]
[[525, 278], [626, 314], [647, 269], [662, 276], [674, 259], [722, 266], [694, 334], [637, 387], [576, 414], [513, 415], [492, 410], [498, 351]]
