[[512, 775], [373, 859], [335, 801], [474, 716]]
[[494, 998], [531, 1000], [641, 937], [608, 879], [475, 958]]
[[617, 725], [650, 784], [745, 719], [745, 646]]
[[199, 627], [162, 586], [218, 535], [258, 578]]
[[84, 743], [115, 790], [155, 772], [158, 783], [204, 755], [165, 692]]
[[20, 879], [32, 910], [48, 926], [104, 896], [87, 875], [75, 844]]
[[720, 85], [750, 140], [745, 151], [689, 183], [660, 123]]
[[663, 188], [618, 219], [594, 176], [639, 145]]
[[420, 411], [453, 469], [396, 507], [402, 519], [343, 553], [336, 544], [325, 551], [291, 494]]
[[96, 628], [115, 656], [152, 637], [135, 605]]
